Accuracy: 0.9559375047683716
Precision: 0.9360730648040771
Recall: 0.9771210551261902
