Accuracy: 0.9529687762260437
Precision: 0.9374424815177917
Recall: 0.9692453742027283
